A 201 59060 1 0
A 202 59000 2 0
A 203 0 0 0
A 204 59001 2 0
A 205 0 0 0
A 206 0 0 0
A 207 0 0 0
A 208 0 0 0
A 209 59059 2 0
A 210 0 0 0
A 211 0 0 0
A 212 0 0 0
A 213 0 0 0
A 214 0 0 0
A 215 0 0 0
A 216 0 0 0
A 217 0 0 0
A 218 0 0 0
A 219 0 0 0
A 220 0 0 0
A 221 0 0 0
A 222 0 0 0
A 223 0 0 0
A 224 0 0 0
A 301 0 0 0
A 302 59059 9 0
A 303 59059 12 0
A 304 0 0 0
A 305 59059 6 0
A 306 0 0 0
A 307 0 0 0
A 308 0 0 0
A 309 0 0 0
A 310 0 0 0
A 311 0 0 0
A 312 0 0 0
A 313 0 0 0
A 314 0 0 0
A 315 0 0 0
A 316 0 0 0
A 317 0 0 0
A 318 0 0 0
A 319 0 0 0
A 320 0 0 0
A 321 0 0 0
A 322 0 0 0
A 323 0 0 0
A 324 0 0 0
B 201 0 0 0
B 202 0 0 0
B 203 0 0 0
B 204 0 0 0
B 205 0 0 0
B 206 0 0 0
B 207 0 0 0
B 208 0 0 0
B 209 0 0 0
B 210 0 0 0
B 211 0 0 0
B 212 0 0 0
B 213 0 0 0
B 214 0 0 0
B 215 0 0 0
B 216 0 0 0
B 217 0 0 0
B 218 0 0 0
B 219 0 0 0
B 220 0 0 0
B 221 0 0 0
B 222 0 0 0
B 223 0 0 0
B 224 0 0 0
B 301 0 0 0
B 302 0 0 0
B 303 0 0 0
B 304 0 0 0
B 305 0 0 0
B 306 0 0 0
B 307 0 0 0
B 308 0 0 0
B 309 0 0 0
B 310 0 0 0
B 311 0 0 0
B 312 0 0 0
B 313 0 0 0
B 314 0 0 0
B 315 0 0 0
B 316 0 0 0
B 317 0 0 0
B 318 0 0 0
B 319 0 0 0
B 320 0 0 0
B 321 0 0 0
B 322 0 0 0
B 323 0 0 0
B 324 0 0 0
C 201 0 0 0
C 202 0 0 0
C 203 0 0 0
C 204 0 0 0
C 205 0 0 0
C 206 0 0 0
C 207 0 0 0
C 208 0 0 0
C 209 0 0 0
C 210 0 0 0
C 211 0 0 0
C 212 0 0 0
C 213 0 0 0
C 214 0 0 0
C 215 0 0 0
C 216 0 0 0
C 217 0 0 0
C 218 0 0 0
C 219 59074 4 0
C 220 59058 2 0
C 221 0 0 0
C 222 59097 4 0
C 223 0 0 0
C 224 59123 4 0
C 301 0 0 0
C 302 0 0 0
C 303 0 0 0
C 304 0 0 0
C 305 0 0 0
C 306 0 0 0
C 307 0 0 0
C 308 0 0 0
C 309 0 0 0
C 310 0 0 0
C 311 0 0 0
C 312 0 0 0
C 313 0 0 0
C 314 0 0 0
C 315 0 0 0
C 316 0 0 0
C 317 0 0 0
C 318 0 0 0
C 319 0 0 0
C 320 0 0 0
C 321 59097 5 01/28/2022-13:22
C 322 59100 4 01/28/2022-13:20
C 323 59100 6 0
C 324 59053 2 0
D 101 59785 1 01/28/2022-20:38
D 102 58750 3 01/28/2022-20:38
D 103 0 0 0
D 104 0 0 0
D 105 0 0 0
D 106 0 0 0
D 107 0 0 0
D 108 0 0 0
D 109 0 0 0
D 110 0 0 0
D 111 0 0 0
D 112 0 0 0
D 113 0 0 0
D 114 0 0 0
D 115 0 0 0
D 116 0 0 0
D 117 0 0 0
D 118 0 0 0
D 119 0 0 0
D 120 0 0 0
D 121 0 0 0
D 122 0 0 0
D 123 0 0 0
D 124 0 0 0
D 201 0 0 0
D 202 0 0 0
D 203 0 0 0
D 204 0 0 0
D 205 0 0 0
D 206 0 0 0
D 207 0 0 0
D 208 0 0 0
D 209 0 0 0
D 210 0 0 0
D 211 0 0 0
D 212 0 0 0
D 213 0 0 0
D 214 0 0 0
D 215 0 0 0
D 216 0 0 0
D 217 0 0 0
D 218 0 0 0
D 219 0 0 0
D 220 0 0 0
D 221 0 0 0
D 222 0 0 0
D 223 0 0 0
D 224 0 0 0
D 301 0 0 0
D 302 0 0 0
D 303 0 0 0
D 304 0 0 0
D 305 0 0 0
D 306 0 0 0
D 307 0 0 0
D 308 0 0 0
D 309 0 0 0
D 310 0 0 0
D 311 0 0 0
D 312 0 0 0
D 313 0 0 0
D 314 0 0 0
D 315 0 0 0
D 316 0 0 0
D 317 0 0 0
D 318 0 0 0
D 319 0 0 0
D 320 0 0 0
D 321 0 0 0
D 322 0 0 0
D 323 0 0 0
D 324 0 0 0
E 101 0 0 0
E 102 0 0 0
E 103 0 0 0
E 104 0 0 0
E 105 0 0 0
E 106 0 0 0
E 107 0 0 0
E 108 0 0 0
E 109 0 0 0
E 110 0 0 0
E 111 0 0 0
E 112 0 0 0
E 113 0 0 0
E 114 0 0 0
E 115 0 0 0
E 116 0 0 0
E 117 0 0 0
E 118 0 0 0
E 119 0 0 0
E 120 0 0 0
E 121 0 0 0
E 122 0 0 0
E 123 0 0 0
E 124 0 0 0
E 201 0 0 0
E 202 56000 1 0
E 203 0 0 0
E 204 0 0 0
E 205 0 0 0
E 206 0 0 0
E 207 0 0 0
E 208 0 0 0
E 209 0 0 0
E 210 0 0 0
E 211 0 0 0
E 212 0 0 0
E 213 0 0 0
E 214 0 0 0
E 215 0 0 0
E 216 0 0 0
E 217 0 0 0
E 218 0 0 0
E 219 0 0 0
E 220 0 0 0
E 221 0 0 0
E 222 0 0 0
E 223 0 0 0
E 224 0 0 0
E 301 0 0 0
E 302 0 0 0
E 303 0 0 0
E 304 0 0 0
E 305 0 0 0
E 306 0 0 0
E 307 0 0 0
E 308 0 0 0
E 309 0 0 0
E 310 0 0 0
E 311 0 0 0
E 312 0 0 0
E 313 0 0 0
E 314 0 0 0
E 315 0 0 0
E 316 0 0 0
E 317 0 0 0
E 318 0 0 0
E 319 0 0 0
E 320 0 0 0
E 321 0 0 0
E 322 0 0 0
E 323 0 0 0
E 324 0 0 0
F 101 0 0 0
F 102 0 0 0
F 103 0 0 0
F 104 0 0 0
F 105 0 0 0
F 106 0 0 0
F 107 0 0 0
F 108 0 0 0
F 109 0 0 0
F 110 0 0 0
F 111 0 0 0
F 112 0 0 0
F 113 0 0 0
F 114 0 0 0
F 115 0 0 0
F 116 0 0 0
F 117 0 0 0
F 118 0 0 0
F 119 0 0 0
F 120 0 0 0
F 121 0 0 0
F 122 0 0 0
F 123 0 0 0
F 124 0 0 0
F 201 0 0 0
F 202 0 0 0
F 203 0 0 0
F 204 0 0 0
F 205 0 0 0
F 206 0 0 0
F 207 0 0 0
F 208 0 0 0
F 209 0 0 0
F 210 0 0 0
F 211 0 0 0
F 212 0 0 0
F 213 0 0 0
F 214 0 0 0
F 215 0 0 0
F 216 0 0 0
F 217 0 0 0
F 218 0 0 0
F 219 0 0 0
F 220 0 0 0
F 221 0 0 0
F 222 0 0 0
F 223 0 0 0
F 224 0 0 0
F 301 0 0 0
F 302 0 0 0
F 303 0 0 0
F 304 0 0 0
F 305 0 0 0
F 306 0 0 0
F 307 0 0 0
F 308 0 0 0
F 309 0 0 0
F 310 0 0 0
F 311 0 0 0
F 312 0 0 0
F 313 0 0 0
F 314 0 0 0
F 315 0 0 0
F 316 0 0 0
F 317 0 0 0
F 318 0 0 0
F 319 0 0 0
F 320 0 0 0
F 321 0 0 0
F 322 0 0 0
F 323 0 0 0
F 324 0 0 0
G 101 0 0 0
G 102 0 0 0
G 103 0 0 0
G 104 0 0 0
G 105 0 0 0
G 106 0 0 0
G 107 0 0 0
G 108 0 0 0
G 109 0 0 0
G 110 0 0 0
G 111 0 0 0
G 112 0 0 0
G 113 0 0 0
G 114 0 0 0
G 115 0 0 0
G 116 0 0 0
G 117 0 0 0
G 118 0 0 0
G 119 0 0 0
G 120 0 0 0
G 121 0 0 0
G 122 0 0 0
G 123 0 0 0
G 124 0 0 0
G 201 0 0 0
G 202 0 0 0
G 203 0 0 0
G 204 0 0 0
G 205 0 0 0
G 206 0 0 0
G 207 0 0 0
G 208 0 0 0
G 209 0 0 0
G 210 0 0 0
G 211 0 0 0
G 212 0 0 0
G 213 0 0 0
G 214 0 0 0
G 215 0 0 0
G 216 0 0 0
G 217 0 0 0
G 218 0 0 0
G 219 0 0 0
G 220 0 0 0
G 221 0 0 0
G 222 0 0 0
G 223 0 0 0
G 224 0 0 0
G 301 0 0 0
G 302 0 0 0
G 303 0 0 0
G 304 0 0 0
G 305 0 0 0
G 306 0 0 0
G 307 0 0 0
G 308 0 0 0
G 309 0 0 0
G 310 0 0 0
G 311 0 0 0
G 312 0 0 0
G 313 0 0 0
G 314 0 0 0
G 315 0 0 0
G 316 0 0 0
G 317 0 0 0
G 318 0 0 0
G 319 0 0 0
G 320 0 0 0
G 321 0 0 0
G 322 0 0 0
G 323 0 0 0
G 324 0 0 0
H 101 0 0 0
H 102 0 0 0
H 103 0 0 0
H 104 0 0 0
H 105 0 0 0
H 106 0 0 0
H 107 0 0 0
H 108 0 0 0
H 109 0 0 0
H 110 0 0 0
H 111 0 0 0
H 112 0 0 0
H 113 0 0 0
H 114 0 0 0
H 115 0 0 0
H 116 0 0 0
H 117 0 0 0
H 118 0 0 0
H 119 0 0 0
H 120 0 0 0
H 121 0 0 0
H 122 0 0 0
H 123 0 0 0
H 124 0 0 0
H 201 0 0 0
H 202 0 0 0
H 203 0 0 0
H 204 0 0 0
H 205 0 0 0
H 206 0 0 0
H 207 0 0 0
H 208 0 0 0
H 209 0 0 0
H 210 0 0 0
H 211 0 0 0
H 212 0 0 0
H 213 0 0 0
H 214 0 0 0
H 215 0 0 0
H 216 0 0 0
H 217 0 0 0
H 218 0 0 0
H 219 0 0 0
H 220 0 0 0
H 221 0 0 0
H 222 0 0 0
H 223 0 0 0
H 224 0 0 0
H 301 0 0 0
H 302 0 0 0
H 303 0 0 0
H 304 0 0 0
H 305 0 0 0
H 306 0 0 0
H 307 0 0 0
H 308 0 0 0
H 309 0 0 0
H 310 0 0 0
H 311 0 0 0
H 312 0 0 0
H 313 0 0 0
H 314 0 0 0
H 315 0 0 0
H 316 0 0 0
H 317 0 0 0
H 318 0 0 0
H 319 0 0 0
H 320 0 0 0
H 321 0 0 0
H 322 0 0 0
H 323 0 0 0
H 324 0 0 0
I 101 0 0 0
I 102 0 0 0
I 103 0 0 0
I 104 0 0 0
I 105 0 0 0
I 106 0 0 0
I 107 0 0 0
I 108 0 0 0
I 109 0 0 0
I 110 0 0 0
I 111 0 0 0
I 112 0 0 0
I 113 0 0 0
I 114 0 0 0
I 115 0 0 0
I 116 0 0 0
I 117 0 0 0
I 118 0 0 0
I 119 0 0 0
I 120 0 0 0
I 121 0 0 0
I 122 0 0 0
I 123 0 0 0
I 124 0 0 0
I 201 0 0 0
I 202 0 0 0
I 203 0 0 0
I 204 0 0 0
I 205 0 0 0
I 206 0 0 0
I 207 0 0 0
I 208 0 0 0
I 209 0 0 0
I 210 0 0 0
I 211 0 0 0
I 212 0 0 0
I 213 0 0 0
I 214 0 0 0
I 215 0 0 0
I 216 0 0 0
I 217 0 0 0
I 218 0 0 0
I 219 0 0 0
I 220 0 0 0
I 221 0 0 0
I 222 0 0 0
I 223 0 0 0
I 224 0 0 0
I 301 0 0 0
I 302 0 0 0
I 303 0 0 0
I 304 0 0 0
I 305 0 0 0
I 306 0 0 0
I 307 0 0 0
I 308 0 0 0
I 309 0 0 0
I 310 0 0 0
I 311 0 0 0
I 312 0 0 0
I 313 0 0 0
I 314 0 0 0
I 315 0 0 0
I 316 0 0 0
I 317 0 0 0
I 318 0 0 0
I 319 0 0 0
I 320 0 0 0
I 321 0 0 0
I 322 0 0 0
I 323 0 0 0
I 324 0 0 0
J 101 0 0 0
J 102 0 0 0
J 103 0 0 0
J 104 0 0 0
J 105 0 0 0
J 106 0 0 0
J 107 0 0 0
J 108 0 0 0
J 109 0 0 0
J 110 0 0 0
J 111 0 0 0
J 112 0 0 0
J 113 0 0 0
J 114 0 0 0
J 115 0 0 0
J 116 0 0 0
J 117 0 0 0
J 118 0 0 0
J 119 0 0 0
J 120 0 0 0
J 121 0 0 0
J 122 0 0 0
J 123 0 0 0
J 124 0 0 0
J 201 0 0 0
J 202 0 0 0
J 203 0 0 0
J 204 0 0 0
J 205 0 0 0
J 206 0 0 0
J 207 0 0 0
J 208 0 0 0
J 209 0 0 0
J 210 0 0 0
J 211 0 0 0
J 212 0 0 0
J 213 0 0 0
J 214 0 0 0
J 215 0 0 0
J 216 0 0 0
J 217 0 0 0
J 218 0 0 0
J 219 0 0 0
J 220 0 0 0
J 221 0 0 0
J 222 0 0 0
J 223 0 0 0
J 224 0 0 0
J 301 0 0 0
J 302 0 0 0
J 303 0 0 0
J 304 0 0 0
J 305 0 0 0
J 306 0 0 0
J 307 0 0 0
J 308 0 0 0
J 309 0 0 0
J 310 0 0 0
J 311 0 0 0
J 312 0 0 0
J 313 0 0 0
J 314 0 0 0
J 315 0 0 0
J 316 0 0 0
J 317 0 0 0
J 318 0 0 0
J 319 0 0 0
J 320 0 0 0
J 321 0 0 0
J 322 0 0 0
J 323 0 0 0
J 324 0 0 0
K 101 0 0 0
K 102 0 0 0
K 103 0 0 0
K 104 0 0 0
K 105 0 0 0
K 106 0 0 0
K 107 0 0 0
K 108 0 0 0
K 109 0 0 0
K 110 0 0 0
K 111 0 0 0
K 112 0 0 0
K 113 0 0 0
K 114 0 0 0
K 115 0 0 0
K 116 0 0 0
K 117 0 0 0
K 118 0 0 0
K 119 0 0 0
K 120 0 0 0
K 121 0 0 0
K 122 0 0 0
K 123 0 0 0
K 124 0 0 0
K 201 0 0 0
K 202 0 0 0
K 203 0 0 0
K 204 0 0 0
K 205 0 0 0
K 206 0 0 0
K 207 0 0 0
K 208 0 0 0
K 209 0 0 0
K 210 0 0 0
K 211 0 0 0
K 212 0 0 0
K 213 0 0 0
K 214 0 0 0
K 215 0 0 0
K 216 0 0 0
K 217 0 0 0
K 218 0 0 0
K 219 0 0 0
K 220 0 0 0
K 221 0 0 0
K 222 0 0 0
K 223 0 0 0
K 224 0 0 0
K 301 0 0 0
K 302 0 0 0
K 303 0 0 0
K 304 0 0 0
K 305 0 0 0
K 306 0 0 0
K 307 0 0 0
K 308 0 0 0
K 309 0 0 0
K 310 0 0 0
K 311 0 0 0
K 312 0 0 0
K 313 0 0 0
K 314 0 0 0
K 315 0 0 0
K 316 0 0 0
K 317 0 0 0
K 318 0 0 0
K 319 0 0 0
K 320 0 0 0
K 321 0 0 0
K 322 0 0 0
K 323 0 0 0
K 324 0 0 0
